%%%%%% Random Forest guesses %%%%%%%
U_guess_1=[-0.265023753;-0.265023752;-0.265023749;-0.265023745;-0.26502374;-0.265023733;-0.265023724;-0.265023714;-0.265023703;-0.265023689;-0.265023674;-0.265023533;-0.265023265;-0.265022868;-0.265022341;-0.26502168;-0.265020881;-0.26501994;-0.265018853;-0.265017611;-0.265016209;-0.265014639;-0.265012891;-0.265010955;-0.26500882;-0.265006474;-0.265003904;-0.265001093;-0.264998027;-0.264994686;-0.264991051;-0.264987101;-0.264982812;-0.264978158;-0.264973112;-0.264967644;-0.26496172;-0.264955304;-0.264948358;-0.264940839;-0.264932701;-0.264923893;-0.264914363;-0.264904049;-0.264892889;-0.264880812;-0.264867744;-0.264853601;-0.264838295;-0.264821729;-0.264803798;-0.264784388;-0.264763375;-0.264740625;-0.264715992;-0.264689318;-0.26466043;-0.264629142;-0.264595253;-0.264558542;-0.264518771;-0.26447568;-0.264428989;-0.264378393;-0.26432356;-0.264264132;-0.264199718;-0.264129895;-0.264054204;-0.263972146;-0.26388318;-0.263786718;-0.263682124;-0.263568705;-0.263445712;-0.263312329;-0.263167673;-0.263010785;-0.262840626;-0.262656067;-0.262455884;-0.262238749;-0.262003223;-0.261747746;-0.261470622;-0.261170018;-0.260843945;-0.260490245;-0.260106583;-0.259690426;-0.259239034;-0.258749436;-0.258218417;-0.257642498;-0.257017912;-0.256340587;-0.259606117;-0.258809743;-0.257946319;-0.257010292;-0.284595664;-0.283495971;-0.282304238;-0.281047975;-0.28231749;-0.280902439;-0.275391877;-0.27402495;-0.273378102;-0.272227146;-0.242547808;-0.241538864;-0.240579873;-0.239653666;-0.236145639;-0.235248381;-0.234350934;-0.233443721;-0.231918191;-0.230966541;-0.229981554;-0.228956384;-0.227884392;-0.226759;-0.226373578;-0.225121336;-0.223795245;-0.222387951;-0.22129171;-0.219698324;-0.217999077;-0.216191614;-0.216265786;-0.21427694;-0.211411988;-0.209260651;-0.259608606;-0.257241157;-0.254343845;-0.25171949;-0.248152969;-0.245228855;-0.240131317;-0.23729477;-0.230485217;-0.228068337;-0.173210511;-0.171075494;-0.138439985;-0.136486539;-0.135402479;-0.133579068;-0.076610878;-0.074895329;-0.077431862;-0.075821597;-0.073666994;-0.07217176;-0.10134084;-0.09998056;-0.098498376;-0.097303194;-0.15140582;-0.15042185;-0.150364327;-0.14964505;-0.149674167;-0.149259847;-0.204608006;-0.204522166;-0.204803628;-0.205051355;-0.236061901;-0.236629446;-0.236545933;-0.237401307;-0.242783856;-0.243880629;-0.189477929;-0.190760093;-0.192717004;-0.194141295;-0.165028028;-0.16657452;-0.115180771;-0.116849518;-0.114185233;-0.115993956;-0.115883391;-0.117795049;-0.11913761;-0.121122591;-0.122765027;-0.124884344;-0.180105488;-0.182465178;-0.184197967;-0.186938902;-0.191922493;-0.194716065;-0.197335421;-0.199795511;-0.202510447;-0.204675802;-0.206703588;-0.208605106;-0.211191001;-0.212867785;-0.214444781;-0.215930718;-0.217333772;-0.218654458;-0.219299739;-0.220476172;-0.221589959;-0.222647013;-0.221053023;-0.222013519;-0.222933965;-0.223819848;-0.196076796;-0.196910713;-0.198327946;-0.19913549;-0.195941151;-0.196753816;-0.200183809;-0.201037966;-0.201930351;-0.202877643;-0.232499846;-0.233597834;-0.234795544;-0.236116895;-0.241585253;-0.242961757;-0.244257061;-0.245481246;-0.246643766;-0.247716995;-0.248707681;-0.24962209;-0.250466027;-0.251244871;-0.251963604;-0.252626838;-0.253238838;-0.253803552;-0.254324625;-0.25480543;-0.255249082;-0.255658458;-0.256036215;-0.256384806;-0.256706495;-0.257003374;-0.25727737;-0.257530262;-0.257763692;-0.257979174;-0.258178104;-0.25836177;-0.25853136;-0.258687968;-0.258832604;-0.258966198;-0.259089609;-0.259203627;-0.259308982;-0.259406346;-0.259496337;-0.259579528;-0.259656444;-0.25972757;-0.259793354;-0.259854208;-0.259910511;-0.259962614;-0.260010839;-0.260055485;-0.260096825;-0.260135111;-0.260170578;-0.260203439;-0.260233892;-0.26026212;-0.260288293;-0.260312563;-0.260335075;-0.26035596;-0.26037534;-0.260393326;-0.260410024;-0.260425526;-0.260439922;-0.260453291;-0.26046571;-0.260477247;-0.260487964;-0.260497922;-0.260507173;-0.260515767;-0.26052375;-0.260531165;-0.260538049;-0.26054444;-0.260550369;-0.260555868;-0.260560963;-0.260565682;-0.260570046;-0.260574078;-0.260577797;-0.260581222;-0.26058437;-0.260587254;-0.26058989;-0.260592288;-0.260594462;-0.260594463];
